9.474671363830566406e+00
9.688517570495605469e+00
1.007928371429443359e+01
9.929633140563964844e+00
9.574166297912597656e+00
1.053876399993896484e+01
9.887555122375488281e+00
1.002452945709228516e+01
9.743308067321777344e+00
1.066102123260498047e+01
1.064947319030761719e+01
1.077517414093017578e+01
1.091287612915039062e+01
9.585876464843750000e+00
1.069545364379882812e+01
9.695886611938476562e+00
9.803957939147949219e+00
1.027032184600830078e+01
1.036725139617919922e+01
9.854685783386230469e+00
9.524916648864746094e+00
9.848361968994140625e+00
1.012896728515625000e+01
9.426859855651855469e+00
1.050627613067626953e+01
1.006991291046142578e+01
1.070073032379150391e+01
1.053125095367431641e+01
1.024911212921142578e+01
1.053321075439453125e+01
9.716778755187988281e+00
1.064418220520019531e+01
9.558899879455566406e+00
9.575042724609375000e+00
1.081318187713623047e+01
9.326930999755859375e+00
1.050554466247558594e+01
9.540480613708496094e+00
1.032054138183593750e+01
1.048034477233886719e+01
1.026709556579589844e+01
9.819503784179687500e+00
1.040966129302978516e+01
1.092945766448974609e+01
1.058302688598632812e+01
9.559413909912109375e+00
9.984273910522460938e+00
9.741697311401367188e+00
1.061796569824218750e+01
9.850392341613769531e+00
1.064854431152343750e+01
1.085249233245849609e+01
9.708333969116210938e+00
9.411277770996093750e+00
1.076489162445068359e+01
1.014386367797851562e+01
1.077721309661865234e+01
9.421700477600097656e+00
9.768253326416015625e+00
1.001699542999267578e+01
9.488379478454589844e+00
9.736439704895019531e+00
9.218166351318359375e+00
9.712842941284179688e+00
1.060957813262939453e+01
1.056230354309082031e+01
9.602507591247558594e+00
1.024088764190673828e+01
1.063812255859375000e+01
1.059738731384277344e+01
1.123202514648437500e+01
9.771493911743164062e+00
1.069678306579589844e+01
1.057234668731689453e+01
1.021794319152832031e+01
9.810977935791015625e+00
1.016874217987060547e+01
1.021696758270263672e+01
1.063037681579589844e+01
1.042894744873046875e+01
9.895573616027832031e+00
9.488398551940917969e+00
9.294572830200195312e+00
9.406921386718750000e+00
9.702508926391601562e+00
1.060195159912109375e+01
9.964428901672363281e+00
9.672590255737304688e+00
1.065458774566650391e+01
1.009976863861083984e+01
1.008696365356445312e+01
1.018047714233398438e+01
9.669256210327148438e+00
9.868399620056152344e+00
1.040493106842041016e+01
9.764190673828125000e+00
1.013584518432617188e+01
1.084768104553222656e+01
1.033771419525146484e+01
9.496475219726562500e+00
1.088712692260742188e+01
1.031731224060058594e+01
1.060738182067871094e+01
9.714440345764160156e+00
1.056680965423583984e+01
9.769620895385742188e+00
1.019235897064208984e+01
1.056964206695556641e+01
1.051215267181396484e+01
1.072152614593505859e+01
9.485623359680175781e+00
1.029695415496826172e+01
1.050294876098632812e+01
1.024445247650146484e+01
1.113326740264892578e+01
1.029283714294433594e+01
1.003583717346191406e+01
1.094631862640380859e+01
1.105706024169921875e+01
1.081431102752685547e+01
1.001019763946533203e+01
1.050266075134277344e+01
9.595612525939941406e+00
1.005915451049804688e+01
1.022883605957031250e+01
1.050162792205810547e+01
1.084125709533691406e+01
1.082198143005371094e+01
9.912560462951660156e+00
9.750882148742675781e+00
9.989997863769531250e+00
9.989601135253906250e+00
9.868309974670410156e+00
1.016347503662109375e+01
1.052495384216308594e+01
9.815355300903320312e+00
1.071621799468994141e+01
9.797694206237792969e+00
1.096168899536132812e+01
1.067702102661132812e+01
9.755179405212402344e+00
1.039309883117675781e+01
1.066996860504150391e+01
9.533119201660156250e+00
1.023728656768798828e+01
1.090063381195068359e+01
1.066775226593017578e+01
1.071923446655273438e+01
1.060287475585937500e+01
1.082651138305664062e+01
1.014677524566650391e+01
9.953598976135253906e+00
1.038729381561279297e+01
1.059638881683349609e+01
1.011114978790283203e+01
1.048207855224609375e+01
1.042870998382568359e+01
1.081163311004638672e+01
9.432632446289062500e+00
1.076451492309570312e+01
9.852336883544921875e+00
1.020075511932373047e+01
1.052260589599609375e+01
1.063205909729003906e+01
1.079869556427001953e+01
1.050361633300781250e+01
1.041762161254882812e+01
9.957115173339843750e+00
9.900053977966308594e+00
1.059366321563720703e+01
9.522494316101074219e+00
9.536296844482421875e+00
1.051229476928710938e+01
9.867370605468750000e+00
9.891532897949218750e+00
1.004997444152832031e+01
1.042782783508300781e+01
1.106138134002685547e+01
9.680772781372070312e+00
9.648929595947265625e+00
1.050333023071289062e+01
1.029893398284912109e+01
1.042093753814697266e+01
1.057095718383789062e+01
9.764462471008300781e+00
9.789759635925292969e+00
1.109659767150878906e+01
1.052851676940917969e+01
9.451237678527832031e+00
1.053184318542480469e+01
1.013422298431396484e+01
9.665386199951171875e+00
1.024671936035156250e+01
9.536248207092285156e+00
9.783552169799804688e+00
1.064586067199707031e+01
1.019828796386718750e+01
9.502354621887207031e+00
1.024428939819335938e+01
1.023222923278808594e+01
1.091594982147216797e+01
9.729827880859375000e+00
9.742310523986816406e+00
1.057979011535644531e+01
1.048046302795410156e+01
1.007607269287109375e+01
1.027965068817138672e+01
1.102577209472656250e+01
9.728179931640625000e+00
9.889469146728515625e+00
1.027317237854003906e+01
9.317124366760253906e+00
1.072148895263671875e+01
9.539930343627929688e+00
1.049450683593750000e+01
1.019369506835937500e+01
1.066782951354980469e+01
9.519499778747558594e+00
9.427852630615234375e+00
9.527222633361816406e+00
1.081419372558593750e+01
1.041828632354736328e+01
9.726567268371582031e+00
9.640779495239257812e+00
9.984893798828125000e+00
1.085567855834960938e+01
1.074965000152587891e+01
9.520241737365722656e+00
9.895446777343750000e+00
9.656282424926757812e+00
9.417140960693359375e+00
1.045359706878662109e+01
9.605739593505859375e+00
1.012169456481933594e+01
9.708120346069335938e+00
1.091049957275390625e+01
1.043737220764160156e+01
1.083414363861083984e+01
1.021827793121337891e+01
9.441434860229492188e+00
9.711929321289062500e+00
9.392702102661132812e+00
9.436725616455078125e+00
9.598064422607421875e+00
9.557650566101074219e+00
9.654221534729003906e+00
1.075741767883300781e+01
9.531176567077636719e+00
1.059907054901123047e+01
1.025030422210693359e+01
1.050827693939208984e+01
1.061002063751220703e+01
1.021134281158447266e+01
1.150834846496582031e+01
1.041825580596923828e+01
1.011119556427001953e+01
1.037343502044677734e+01
9.828092575073242188e+00
1.065445709228515625e+01
9.744420051574707031e+00
9.363626480102539062e+00
1.057905006408691406e+01
9.855587005615234375e+00
1.078866291046142578e+01
9.894877433776855469e+00
1.106943035125732422e+01
1.001908206939697266e+01
1.070639038085937500e+01
9.640834808349609375e+00
9.833130836486816406e+00
9.435458183288574219e+00
9.668916702270507812e+00
1.022035217285156250e+01
1.065760898590087891e+01
1.071524429321289062e+01
9.735928535461425781e+00
9.486147880554199219e+00
1.033827114105224609e+01
9.651774406433105469e+00
1.035335826873779297e+01
9.674287796020507812e+00
9.661821365356445312e+00
1.071793746948242188e+01
1.060906600952148438e+01
9.509470939636230469e+00
1.010919380187988281e+01
9.586522102355957031e+00
1.021299743652343750e+01
1.030537223815917969e+01
9.540594100952148438e+00
9.910742759704589844e+00
9.726425170898437500e+00
9.654346466064453125e+00
1.045286083221435547e+01
9.854906082153320312e+00
1.088905715942382812e+01
9.581950187683105469e+00
9.794059753417968750e+00
1.045196437835693359e+01
1.135194683074951172e+01
9.637981414794921875e+00
1.068533039093017578e+01
1.096455478668212891e+01
9.947009086608886719e+00
9.616933822631835938e+00
1.140000820159912109e+01
9.961645126342773438e+00
1.102070903778076172e+01
1.175524234771728516e+01
1.025108528137207031e+01
1.001295471191406250e+01
1.093363761901855469e+01
9.932483673095703125e+00
1.057242202758789062e+01
1.053028106689453125e+01
9.419186592102050781e+00
1.067785739898681641e+01
1.121414566040039062e+01
1.033559799194335938e+01
1.106351184844970703e+01
9.641135215759277344e+00
1.007238101959228516e+01
1.070026206970214844e+01
1.070021343231201172e+01
1.050607204437255859e+01
1.053136157989501953e+01
1.049270439147949219e+01
9.534721374511718750e+00
1.064486312866210938e+01
1.044094181060791016e+01
9.650885581970214844e+00
1.043302345275878906e+01
1.075844860076904297e+01
1.055649948120117188e+01
1.015287113189697266e+01
1.073620796203613281e+01
1.086804389953613281e+01
9.622680664062500000e+00
1.063400268554687500e+01
1.096747875213623047e+01
1.027471256256103516e+01
1.010439586639404297e+01
1.052416419982910156e+01
9.740526199340820312e+00
9.674773216247558594e+00
1.087947273254394531e+01
9.595030784606933594e+00
1.054175853729248047e+01
9.592361450195312500e+00
1.098745441436767578e+01
1.058152008056640625e+01
1.020616436004638672e+01
1.089057731628417969e+01
9.917057991027832031e+00
9.546476364135742188e+00
9.771259307861328125e+00
1.064702320098876953e+01
9.592390060424804688e+00
9.491476058959960938e+00
1.047327041625976562e+01
1.014151477813720703e+01
1.071793746948242188e+01
1.037721538543701172e+01
9.650177001953125000e+00
1.084915351867675781e+01
1.068863201141357422e+01
1.088340282440185547e+01
1.032673168182373047e+01
9.657499313354492188e+00
1.010835170745849609e+01
1.070711517333984375e+01
1.022812461853027344e+01
9.529591560363769531e+00
1.004919338226318359e+01
1.093528175354003906e+01
1.078582477569580078e+01
9.912672996520996094e+00
1.005612182617187500e+01
1.025371742248535156e+01
9.675224304199218750e+00
9.558979034423828125e+00
1.059896087646484375e+01
1.073104667663574219e+01
9.519613265991210938e+00
9.622158050537109375e+00
9.543101310729980469e+00
1.051064872741699219e+01
9.496941566467285156e+00
1.053857994079589844e+01
1.032074069976806641e+01
1.052551651000976562e+01
9.495891571044921875e+00
1.061469268798828125e+01
9.349825859069824219e+00
1.097329330444335938e+01
1.027126502990722656e+01
9.922640800476074219e+00
1.088829231262207031e+01
9.526572227478027344e+00
9.683563232421875000e+00
9.638941764831542969e+00
1.023198509216308594e+01
1.080370807647705078e+01
9.836792945861816406e+00
1.056196212768554688e+01
9.417906761169433594e+00
1.038763236999511719e+01
9.624218940734863281e+00
9.706246376037597656e+00
1.076100730895996094e+01
1.020548820495605469e+01
1.053278923034667969e+01
1.054132556915283203e+01
9.801397323608398438e+00
1.051286888122558594e+01
1.031273174285888672e+01
9.858692169189453125e+00
9.820200920104980469e+00
1.057574844360351562e+01
9.963348388671875000e+00
1.063435745239257812e+01
1.087537193298339844e+01
1.060503101348876953e+01
1.085933971405029297e+01
9.643669128417968750e+00
1.084372520446777344e+01
1.049729919433593750e+01
9.621212005615234375e+00
9.799607276916503906e+00
9.936673164367675781e+00
9.854505538940429688e+00
9.874404907226562500e+00
1.083598899841308594e+01
9.482482910156250000e+00
1.115420913696289062e+01
1.063397121429443359e+01
1.005768680572509766e+01
9.670248985290527344e+00
1.092133998870849609e+01
1.035846042633056641e+01
1.085455036163330078e+01
1.067050266265869141e+01
1.000763511657714844e+01
1.074921321868896484e+01
1.068728542327880859e+01
1.073229980468750000e+01
9.929543495178222656e+00
9.591097831726074219e+00
9.850322723388671875e+00
1.039077949523925781e+01
1.040249252319335938e+01
9.228729248046875000e+00
1.067787647247314453e+01
1.045850086212158203e+01
9.293038368225097656e+00
9.988482475280761719e+00
9.699102401733398438e+00
1.040096759796142578e+01
9.446883201599121094e+00
1.036681270599365234e+01
1.079152965545654297e+01
1.063769721984863281e+01
1.104320621490478516e+01
1.046887874603271484e+01
1.008281421661376953e+01
9.934256553649902344e+00
9.972426414489746094e+00
1.021547031402587891e+01
1.077910327911376953e+01
1.027994155883789062e+01
1.084068965911865234e+01
1.034677124023437500e+01
9.461332321166992188e+00
1.060307884216308594e+01
1.055459976196289062e+01
9.724279403686523438e+00
9.458149909973144531e+00
9.512840270996093750e+00
9.695270538330078125e+00
1.060557174682617188e+01
9.633852958679199219e+00
1.075958728790283203e+01
1.035028171539306641e+01
9.988894462585449219e+00
9.549453735351562500e+00
9.733174324035644531e+00
1.091438198089599609e+01
1.119262599945068359e+01
1.023806381225585938e+01
1.063127899169921875e+01
1.037232112884521484e+01
9.826972961425781250e+00
9.839344024658203125e+00
1.031204605102539062e+01
9.254824638366699219e+00
9.662269592285156250e+00
9.369637489318847656e+00
1.030385112762451172e+01
9.627468109130859375e+00
9.583345413208007812e+00
1.024259853363037109e+01
9.504219055175781250e+00
1.016641235351562500e+01
9.483381271362304688e+00
9.814969062805175781e+00
1.018405723571777344e+01
1.072572517395019531e+01
9.959496498107910156e+00
1.066334629058837891e+01
1.064358425140380859e+01
1.052001380920410156e+01
9.426507949829101562e+00
9.498709678649902344e+00
9.792133331298828125e+00
1.086503219604492188e+01
1.046431350708007812e+01
1.011462402343750000e+01
1.064101219177246094e+01
1.070225715637207031e+01
1.105572128295898438e+01
9.420883178710937500e+00
1.089814376831054688e+01
9.967621803283691406e+00
1.069240856170654297e+01
9.951398849487304688e+00
1.080319213867187500e+01
9.881523132324218750e+00
1.028054523468017578e+01
9.907944679260253906e+00
9.791616439819335938e+00
1.090653896331787109e+01
9.505822181701660156e+00
9.420054435729980469e+00
1.031492996215820312e+01
1.053712558746337891e+01
9.797897338867187500e+00
1.040193748474121094e+01
1.091151523590087891e+01
1.027806377410888672e+01
1.057566452026367188e+01
9.674307823181152344e+00
9.545212745666503906e+00
9.754690170288085938e+00
9.556959152221679688e+00
9.999819755554199219e+00
1.022116947174072266e+01
9.624394416809082031e+00
9.668355941772460938e+00
9.445842742919921875e+00
1.067514324188232422e+01
9.444919586181640625e+00
1.030736827850341797e+01
1.087238311767578125e+01
1.031231975555419922e+01
1.091535472869873047e+01
9.364878654479980469e+00
9.763524055480957031e+00
1.078132820129394531e+01
1.034978485107421875e+01
1.094238948822021484e+01
1.067754554748535156e+01
1.126304054260253906e+01
1.019416618347167969e+01
9.473569869995117188e+00
1.023564529418945312e+01
9.750869750976562500e+00
1.007445716857910156e+01
1.053637981414794922e+01
9.663005828857421875e+00
9.853461265563964844e+00
9.550738334655761719e+00
1.087428665161132812e+01
1.007573318481445312e+01
9.588344573974609375e+00
9.545256614685058594e+00
9.878482818603515625e+00
1.047295188903808594e+01
9.720376968383789062e+00
1.036649513244628906e+01
1.073568058013916016e+01
9.424820899963378906e+00
1.071862125396728516e+01
1.061259651184082031e+01
9.666133880615234375e+00
1.059970474243164062e+01
1.018938922882080078e+01
1.085911941528320312e+01
1.039111614227294922e+01
1.038128376007080078e+01
1.078608131408691406e+01
1.064886188507080078e+01
1.016203975677490234e+01
9.580368995666503906e+00
1.028164100646972656e+01
1.014064121246337891e+01
1.013670539855957031e+01
1.004236698150634766e+01
1.020131206512451172e+01
1.059218597412109375e+01
1.095441150665283203e+01
1.034683609008789062e+01
1.052440834045410156e+01
1.062635326385498047e+01
9.602398872375488281e+00
1.084983825683593750e+01
9.513607978820800781e+00
9.603525161743164062e+00
1.005776596069335938e+01
1.077828788757324219e+01
9.799960136413574219e+00
1.058427143096923828e+01
9.815950393676757812e+00
1.031585502624511719e+01
1.050358963012695312e+01
1.049213123321533203e+01
1.053384113311767578e+01
1.054524612426757812e+01
9.588344573974609375e+00
9.745612144470214844e+00
9.498740196228027344e+00
1.028991889953613281e+01
1.094992542266845703e+01
1.008900833129882812e+01
1.079778957366943359e+01
9.769952774047851562e+00
9.662491798400878906e+00
1.046208858489990234e+01
1.060471153259277344e+01
1.083207702636718750e+01
9.949565887451171875e+00
1.054391479492187500e+01
9.877792358398437500e+00
9.700080871582031250e+00
1.060508728027343750e+01
9.977096557617187500e+00
9.701487541198730469e+00
1.079387664794921875e+01
1.023179817199707031e+01
1.056323814392089844e+01
1.071931171417236328e+01
9.631383895874023438e+00
1.072346401214599609e+01
1.063402652740478516e+01
1.047229099273681641e+01
1.042864322662353516e+01
9.512061119079589844e+00
9.334320068359375000e+00
1.022777938842773438e+01
9.716431617736816406e+00
9.535627365112304688e+00
1.044972419738769531e+01
1.072983074188232422e+01
1.079454421997070312e+01
1.079418277740478516e+01
9.747421264648437500e+00
9.841490745544433594e+00
9.853219032287597656e+00
1.006319904327392578e+01
9.665774345397949219e+00
1.047038936614990234e+01
9.753237724304199219e+00
1.036869621276855469e+01
9.763562202453613281e+00
1.037536334991455078e+01
1.060210418701171875e+01
9.798183441162109375e+00
1.006865406036376953e+01
9.835768699645996094e+00
1.129825019836425781e+01
1.030563259124755859e+01
1.014247608184814453e+01
1.036924457550048828e+01
1.056364631652832031e+01
9.885787010192871094e+00
1.035394573211669922e+01
1.043894672393798828e+01
9.640242576599121094e+00
1.018623924255371094e+01
1.057085037231445312e+01
1.065311527252197266e+01
9.489190101623535156e+00
1.023314189910888672e+01
9.500247955322265625e+00
9.645201683044433594e+00
9.785757064819335938e+00
1.052955913543701172e+01
1.001880264282226562e+01
1.035625076293945312e+01
1.018137168884277344e+01
9.653427124023437500e+00
1.069269466400146484e+01
9.968354225158691406e+00
9.490802764892578125e+00
1.070186328887939453e+01
9.342165946960449219e+00
1.002219581604003906e+01
9.923892974853515625e+00
1.042342948913574219e+01
9.849313735961914062e+00
1.052149105072021484e+01
1.047955703735351562e+01
9.930040359497070312e+00
9.391416549682617188e+00
9.664426803588867188e+00
9.713820457458496094e+00
1.075430202484130859e+01
1.031152629852294922e+01
1.086111354827880859e+01
1.100805377960205078e+01
1.062982273101806641e+01
9.522671699523925781e+00
1.043109607696533203e+01
9.934133529663085938e+00
1.049462127685546875e+01
1.070782947540283203e+01
1.097184276580810547e+01
1.072732162475585938e+01
9.754320144653320312e+00
1.008840847015380859e+01
9.569921493530273438e+00
1.025291442871093750e+01
1.071374893188476562e+01
1.026023578643798828e+01
9.647263526916503906e+00
1.054580783843994141e+01
1.076454830169677734e+01
1.077667713165283203e+01
1.085968017578125000e+01
1.021206855773925781e+01
9.670869827270507812e+00
1.061329364776611328e+01
9.772891998291015625e+00
1.054316520690917969e+01
9.710657119750976562e+00
9.596463203430175781e+00
9.929941177368164062e+00
1.054305458068847656e+01
1.025210571289062500e+01
9.396793365478515625e+00
9.868862152099609375e+00
9.476328849792480469e+00
1.093104934692382812e+01
9.295331954956054688e+00
1.095728683471679688e+01
1.033097267150878906e+01
1.054418373107910156e+01
1.066051483154296875e+01
1.187993717193603516e+01
9.896886825561523438e+00
9.472084999084472656e+00
9.548714637756347656e+00
9.669043540954589844e+00
9.785067558288574219e+00
1.049470996856689453e+01
1.039188766479492188e+01
1.072542190551757812e+01
1.019514942169189453e+01
9.930115699768066406e+00
1.061486339569091797e+01
9.614370346069335938e+00
1.055439949035644531e+01
1.023762607574462891e+01
9.489864349365234375e+00
1.064713287353515625e+01
1.078935909271240234e+01
1.069012069702148438e+01
1.075768947601318359e+01
1.023077011108398438e+01
1.027872371673583984e+01
9.552354812622070312e+00
1.004383754730224609e+01
9.581016540527343750e+00
9.654565811157226562e+00
9.572136878967285156e+00
1.049611091613769531e+01
9.645852088928222656e+00
1.005496692657470703e+01
1.041613388061523438e+01
9.466646194458007812e+00
1.028097915649414062e+01
1.024027919769287109e+01
1.067768096923828125e+01
1.099918556213378906e+01
9.951412200927734375e+00
9.945064544677734375e+00
9.751709938049316406e+00
9.809891700744628906e+00
9.575613021850585938e+00
1.042290592193603516e+01
9.675093650817871094e+00
1.023909187316894531e+01
9.874763488769531250e+00
9.462193489074707031e+00
9.829597473144531250e+00
9.601213455200195312e+00
9.658588409423828125e+00
1.036616611480712891e+01
1.037424468994140625e+01
9.528532981872558594e+00
1.078498554229736328e+01
1.070557308197021484e+01
9.549406051635742188e+00
1.045024490356445312e+01
1.033811950683593750e+01
1.060654258728027344e+01
1.024234676361083984e+01
1.066521072387695312e+01
1.057289314270019531e+01
9.515877723693847656e+00
1.032243442535400391e+01
1.040857791900634766e+01
1.013733673095703125e+01
1.075812530517578125e+01
1.061249351501464844e+01
9.493740081787109375e+00
9.473527908325195312e+00
1.066594028472900391e+01
1.034341812133789062e+01
1.018256473541259766e+01
9.988441467285156250e+00
1.029347705841064453e+01
9.573827743530273438e+00
9.641019821166992188e+00
1.040479469299316406e+01
1.021631717681884766e+01
1.043744373321533203e+01
1.061660099029541016e+01
1.067067146301269531e+01
1.089579200744628906e+01
1.077875900268554688e+01
1.054445266723632812e+01
9.676559448242187500e+00
1.071134567260742188e+01
9.648988723754882812e+00
1.060795021057128906e+01
1.018676567077636719e+01
1.016220664978027344e+01
1.034070491790771484e+01
9.670112609863281250e+00
1.062156105041503906e+01
1.046874332427978516e+01
9.885757446289062500e+00
9.838609695434570312e+00
1.052542781829833984e+01
1.044719600677490234e+01
9.532090187072753906e+00
9.475930213928222656e+00
1.057138061523437500e+01
1.075587177276611328e+01
1.046191120147705078e+01
1.011151504516601562e+01
1.031216716766357422e+01
1.055674648284912109e+01
1.051083850860595703e+01
1.059226894378662109e+01
1.087404918670654297e+01
9.841553688049316406e+00
1.078834152221679688e+01
1.047451496124267578e+01
1.067468738555908203e+01
9.778951644897460938e+00
1.053873348236083984e+01
1.059598731994628906e+01
1.057383918762207031e+01
1.072757053375244141e+01
1.081573295593261719e+01
1.007794570922851562e+01
9.731640815734863281e+00
9.833201408386230469e+00
1.015552425384521484e+01
9.685916900634765625e+00
1.057395458221435547e+01
1.048109340667724609e+01
1.048224830627441406e+01
9.590143203735351562e+00
1.036164665222167969e+01
1.076019096374511719e+01
1.084199523925781250e+01
1.043360519409179688e+01
9.966313362121582031e+00
1.064386749267578125e+01
1.047138404846191406e+01
1.028234863281250000e+01
1.073122406005859375e+01
9.563413619995117188e+00
1.117865276336669922e+01
9.667119979858398438e+00
1.073495960235595703e+01
9.951065063476562500e+00
9.845320701599121094e+00
9.695436477661132812e+00
1.052109718322753906e+01
9.999674797058105469e+00
9.477982521057128906e+00
1.098778629302978516e+01
1.040373611450195312e+01
1.044748497009277344e+01
9.715035438537597656e+00
9.698661804199218750e+00
1.030978870391845703e+01
1.022172737121582031e+01
1.033975219726562500e+01
9.396622657775878906e+00
1.063445186614990234e+01
1.019145774841308594e+01
1.009441947937011719e+01
9.582969665527343750e+00
9.844735145568847656e+00
9.483495712280273438e+00
9.554118156433105469e+00
1.087501144409179688e+01
1.021118927001953125e+01
1.078740406036376953e+01
1.053500270843505859e+01
1.028446960449218750e+01
1.003043460845947266e+01
1.044191265106201172e+01
9.575206756591796875e+00
1.037923526763916016e+01
1.039710330963134766e+01
9.683183670043945312e+00
1.076115894317626953e+01
1.032909870147705078e+01
1.066143894195556641e+01
1.072997188568115234e+01
1.032189178466796875e+01
1.085329627990722656e+01
9.677474975585937500e+00
1.009539794921875000e+01
9.800225257873535156e+00
9.746111869812011719e+00
1.032674217224121094e+01
1.048934173583984375e+01
9.654517173767089844e+00
1.049326324462890625e+01
9.850028991699218750e+00
1.041945171356201172e+01
9.580892562866210938e+00
1.021846103668212891e+01
1.042732906341552734e+01
1.006670188903808594e+01
9.577844619750976562e+00
9.693545341491699219e+00
1.065290451049804688e+01
1.067849349975585938e+01
1.066573143005371094e+01
1.085715484619140625e+01
1.041893196105957031e+01
1.014991664886474609e+01
1.017532825469970703e+01
1.086723709106445312e+01
1.053082084655761719e+01
9.728677749633789062e+00
1.038415813446044922e+01
1.011911010742187500e+01
9.662550926208496094e+00
1.006955909729003906e+01
9.549839973449707031e+00
9.603538513183593750e+00
9.640059471130371094e+00
9.584318161010742188e+00
1.048884487152099609e+01
1.054193973541259766e+01
1.063533687591552734e+01
9.502504348754882812e+00
1.049966049194335938e+01
1.054284858703613281e+01
9.508413314819335938e+00
1.070079612731933594e+01
1.014830207824707031e+01
1.035539531707763672e+01
1.093534183502197266e+01
9.404242515563964844e+00
9.545349121093750000e+00
9.698969841003417969e+00
9.438424110412597656e+00
9.676589012145996094e+00
9.650024414062500000e+00
9.726985931396484375e+00
9.678193092346191406e+00
1.067556476593017578e+01
1.082843303680419922e+01
1.041508293151855469e+01
1.095611190795898438e+01
1.033873271942138672e+01
1.052942276000976562e+01
1.066642284393310547e+01
9.879579544067382812e+00
9.775817871093750000e+00
9.738135337829589844e+00
1.050567913055419922e+01
1.058063125610351562e+01
1.055784606933593750e+01
1.061800765991210938e+01
9.984624862670898438e+00
1.025356101989746094e+01
1.014488315582275391e+01
1.032482910156250000e+01
1.079151439666748047e+01
1.054145908355712891e+01
1.061775588989257812e+01
9.449859619140625000e+00
9.440606117248535156e+00
1.045821571350097656e+01
1.020353221893310547e+01
9.900382995605468750e+00
1.054760646820068359e+01
1.050963687896728516e+01
1.002956295013427734e+01
9.833317756652832031e+00
1.020139217376708984e+01
9.649351119995117188e+00
1.022528839111328125e+01
9.668694496154785156e+00
1.020073032379150391e+01
1.090300083160400391e+01
1.059953212738037109e+01
1.023266792297363281e+01
9.583773612976074219e+00
1.069408416748046875e+01
1.077641677856445312e+01
9.958889007568359375e+00
1.036221122741699219e+01
1.059941768646240234e+01
9.682435035705566406e+00
1.053940296173095703e+01
1.083551979064941406e+01
1.022365951538085938e+01
1.096402359008789062e+01
1.087915420532226562e+01
1.029037475585937500e+01
1.050450801849365234e+01
1.028646564483642578e+01
1.067324352264404297e+01
9.992377281188964844e+00
1.075138568878173828e+01
1.109884929656982422e+01
9.535429954528808594e+00
1.020032978057861328e+01
1.025907135009765625e+01
1.071727371215820312e+01
1.085459423065185547e+01
1.047861957550048828e+01
9.786842346191406250e+00
1.004807758331298828e+01
9.698039054870605469e+00
1.036964988708496094e+01
1.021399974822998047e+01
1.053472900390625000e+01
9.907842636108398438e+00
1.059575653076171875e+01
1.087366580963134766e+01
1.024450206756591797e+01
9.779782295227050781e+00
9.541197776794433594e+00
1.032114696502685547e+01
1.079287242889404297e+01
1.081714534759521484e+01
1.079813766479492188e+01
1.021561050415039062e+01
9.579361915588378906e+00
9.413942337036132812e+00
1.021785545349121094e+01
1.031482601165771484e+01
9.760180473327636719e+00
9.544216156005859375e+00
9.454673767089843750e+00
1.028455638885498047e+01
9.255478858947753906e+00
1.087980175018310547e+01
1.057622718811035156e+01
1.078687381744384766e+01
9.552240371704101562e+00
9.644127845764160156e+00
9.605971336364746094e+00
1.067653179168701172e+01
1.056826019287109375e+01
9.610738754272460938e+00
1.041749286651611328e+01
1.009311771392822266e+01
1.019696331024169922e+01
9.322130203247070312e+00
9.728121757507324219e+00
9.492267608642578125e+00
1.093742942810058594e+01
9.666051864624023438e+00
1.003162670135498047e+01
9.487113952636718750e+00
1.003660678863525391e+01
9.526120185852050781e+00
1.056783580780029297e+01
9.822093009948730469e+00
1.043580627441406250e+01
1.073364353179931641e+01
1.003934764862060547e+01
9.757850646972656250e+00
1.035686969757080078e+01
9.848946571350097656e+00
9.735918045043945312e+00
9.396151542663574219e+00
1.072988891601562500e+01
1.014840221405029297e+01
1.019760417938232422e+01
1.003846931457519531e+01
1.061037158966064453e+01
1.046288204193115234e+01
9.604972839355468750e+00
1.066156005859375000e+01
1.015521049499511719e+01
1.052564907073974609e+01
9.595353126525878906e+00
9.651647567749023438e+00
9.434106826782226562e+00
1.057912826538085938e+01
1.067521858215332031e+01
9.511517524719238281e+00
9.415138244628906250e+00
1.049187850952148438e+01
1.063523960113525391e+01
1.038544845581054688e+01
9.817958831787109375e+00
9.715844154357910156e+00
1.078368759155273438e+01
1.013573074340820312e+01
1.103720569610595703e+01
9.712376594543457031e+00
9.868990898132324219e+00
1.059715366363525391e+01
9.634413719177246094e+00
9.896419525146484375e+00
9.661220550537109375e+00
9.372748374938964844e+00
1.011479663848876953e+01
1.018199348449707031e+01
1.000299263000488281e+01
1.005178642272949219e+01
1.031159782409667969e+01
9.670520782470703125e+00
1.028189754486083984e+01
9.503050804138183594e+00
9.632316589355468750e+00
1.015166950225830078e+01
1.013275051116943359e+01
1.059139633178710938e+01
1.082820606231689453e+01
1.041451644897460938e+01
1.053816032409667969e+01
9.915094375610351562e+00
1.036439609527587891e+01
1.075728893280029297e+01
1.060689640045166016e+01
9.763619422912597656e+00
1.073351097106933594e+01
1.041992568969726562e+01
1.023877429962158203e+01
1.056961727142333984e+01
1.074116325378417969e+01
9.729445457458496094e+00
9.448310852050781250e+00
9.604826927185058594e+00
1.022382736206054688e+01
9.885506629943847656e+00
9.522764205932617188e+00
9.440972328186035156e+00
9.473353385925292969e+00
1.050908088684082031e+01
9.437911987304687500e+00
9.753597259521484375e+00
9.550262451171875000e+00
9.599079132080078125e+00
1.052999019622802734e+01
1.040191459655761719e+01
1.046928596496582031e+01
1.052361106872558594e+01
1.076251602172851562e+01
1.076877880096435547e+01
1.055204105377197266e+01
1.025177478790283203e+01
1.029345989227294922e+01
9.843400001525878906e+00
1.055231571197509766e+01
1.097394847869873047e+01
1.061522293090820312e+01
1.027657604217529297e+01
1.066825962066650391e+01
1.039832782745361328e+01
1.041722488403320312e+01
9.905060768127441406e+00
9.902914047241210938e+00
9.367482185363769531e+00
1.047647666931152344e+01
9.593301773071289062e+00
9.879145622253417969e+00
1.052127552032470703e+01
1.064013099670410156e+01
9.854648590087890625e+00
9.700141906738281250e+00
1.044503116607666016e+01
1.032665729522705078e+01
1.069908428192138672e+01
1.001329231262207031e+01
1.046154308319091797e+01
9.424537658691406250e+00
9.870913505554199219e+00
9.578466415405273438e+00
1.089046287536621094e+01
9.505795478820800781e+00
1.052360534667968750e+01
1.011820602416992188e+01
1.016928100585937500e+01
1.037599945068359375e+01
1.069582843780517578e+01
1.092678451538085938e+01
1.038974285125732422e+01
9.551560401916503906e+00
9.311708450317382812e+00
9.427119255065917969e+00
1.030363559722900391e+01
1.012229347229003906e+01
9.708678245544433594e+00
9.660548210144042969e+00
9.786940574645996094e+00
1.046616554260253906e+01
1.050693130493164062e+01
9.666976928710937500e+00
1.063772296905517578e+01
9.726652145385742188e+00
1.043595123291015625e+01
1.071444511413574219e+01
9.586637496948242188e+00
9.360216140747070312e+00
9.559867858886718750e+00
9.724710464477539062e+00
9.437361717224121094e+00
9.657071113586425781e+00
1.070195579528808594e+01
1.076031875610351562e+01
9.400309562683105469e+00
1.032763099670410156e+01
1.035333347320556641e+01
9.795392036437988281e+00
1.036476516723632812e+01
1.063310050964355469e+01
9.771616935729980469e+00
1.068306064605712891e+01
1.080294990539550781e+01
9.877269744873046875e+00
1.016069412231445312e+01
9.594125747680664062e+00
9.744243621826171875e+00
9.634726524353027344e+00
9.826206207275390625e+00
9.662224769592285156e+00
9.471194267272949219e+00
1.051341342926025391e+01
9.388021469116210938e+00
9.527158737182617188e+00
9.730554580688476562e+00
1.083122062683105469e+01
9.825042724609375000e+00
1.011853122711181641e+01
1.002148818969726562e+01
9.745582580566406250e+00
1.061415576934814453e+01
1.076792716979980469e+01
9.996773719787597656e+00
9.687345504760742188e+00
1.063662052154541016e+01
1.072482109069824219e+01
9.410088539123535156e+00
1.008997917175292969e+01
1.010616493225097656e+01
1.006323909759521484e+01
1.004829883575439453e+01
9.849285125732421875e+00
9.499562263488769531e+00
1.055635356903076172e+01
1.023995780944824219e+01
1.010547733306884766e+01
9.993560791015625000e+00
9.571413040161132812e+00
9.377034187316894531e+00
1.070986366271972656e+01
9.798898696899414062e+00
9.711017608642578125e+00
1.048168849945068359e+01
9.591352462768554688e+00
1.007257461547851562e+01
9.940940856933593750e+00
1.053353881835937500e+01
9.498620033264160156e+00
1.070333480834960938e+01
9.380941390991210938e+00
1.068815803527832031e+01
9.668104171752929688e+00
9.976494789123535156e+00
1.024429988861083984e+01
1.044118022918701172e+01
9.542429924011230469e+00
1.010790157318115234e+01
1.078057098388671875e+01
1.049377632141113281e+01
9.849022865295410156e+00
9.680723190307617188e+00
9.663168907165527344e+00
9.731637954711914062e+00
1.070002746582031250e+01
1.021266937255859375e+01
9.583341598510742188e+00
9.819379806518554688e+00
9.844961166381835938e+00
1.058322429656982422e+01
9.686100959777832031e+00
9.607313156127929688e+00
9.509169578552246094e+00
9.363621711730957031e+00
1.004698848724365234e+01
9.536153793334960938e+00
9.837561607360839844e+00
1.047375965118408203e+01
1.035152816772460938e+01
1.059762859344482422e+01
1.065756416320800781e+01
9.901838302612304688e+00
1.063108539581298828e+01
1.041442012786865234e+01
9.578637123107910156e+00
9.690032005310058594e+00
9.913035392761230469e+00
1.051053810119628906e+01
1.075927543640136719e+01
9.999289512634277344e+00
9.601717948913574219e+00
9.687490463256835938e+00
1.034085941314697266e+01
9.793497085571289062e+00
9.924840927124023438e+00
1.033563709259033203e+01
1.099583148956298828e+01
9.375772476196289062e+00
9.701872825622558594e+00
9.594539642333984375e+00
1.009866142272949219e+01
1.071399307250976562e+01
1.069590377807617188e+01
9.931346893310546875e+00
1.090685081481933594e+01
1.049065494537353516e+01
1.125426197052001953e+01
9.396508216857910156e+00
9.884689331054687500e+00
9.798295974731445312e+00
1.064939498901367188e+01
1.077498722076416016e+01
1.079063129425048828e+01
1.060751056671142578e+01
9.822945594787597656e+00
1.015646839141845703e+01
1.077552509307861328e+01
9.667703628540039062e+00
9.658340454101562500e+00
1.022498703002929688e+01
1.010385131835937500e+01
1.001306152343750000e+01
1.041510486602783203e+01
9.603407859802246094e+00
1.014845085144042969e+01
1.051139545440673828e+01
1.025790023803710938e+01
9.566067695617675781e+00
9.639067649841308594e+00
9.662198066711425781e+00
9.926998138427734375e+00
1.033052158355712891e+01
9.470855712890625000e+00
9.474833488464355469e+00
9.399306297302246094e+00
1.053164100646972656e+01
9.560239791870117188e+00
1.016965770721435547e+01
9.795898437500000000e+00
1.041772079467773438e+01
9.436085700988769531e+00
9.573381423950195312e+00
9.842212677001953125e+00
1.002453994750976562e+01
9.783819198608398438e+00
9.647417068481445312e+00
1.013800525665283203e+01
1.005697154998779297e+01
1.025521087646484375e+01
1.022449302673339844e+01
9.727624893188476562e+00
9.769815444946289062e+00
1.003025436401367188e+01
1.066736507415771484e+01
9.885010719299316406e+00
1.054507637023925781e+01
1.025138378143310547e+01
1.003396701812744141e+01
1.025313949584960938e+01
9.715941429138183594e+00
9.982601165771484375e+00
9.629965782165527344e+00
9.528655052185058594e+00
9.758584022521972656e+00
9.894872665405273438e+00
1.036325263977050781e+01
1.053138923645019531e+01
9.479467391967773438e+00
9.444288253784179688e+00
9.574867248535156250e+00
1.054884529113769531e+01
9.859023094177246094e+00
1.041243839263916016e+01
1.011304569244384766e+01
9.728338241577148438e+00
1.022088432312011719e+01
9.980771064758300781e+00
1.078650093078613281e+01
9.817312240600585938e+00
1.065406894683837891e+01
1.006694221496582031e+01
1.086453437805175781e+01
9.509607315063476562e+00
1.101876354217529297e+01
1.062114143371582031e+01
1.047448253631591797e+01
1.089052772521972656e+01
1.071579360961914062e+01
1.060631179809570312e+01
1.062803268432617188e+01
1.068858909606933594e+01
1.094782257080078125e+01
1.045809555053710938e+01
1.045175552368164062e+01
1.071120357513427734e+01
1.078920364379882812e+01
1.060258197784423828e+01
1.076678848266601562e+01
1.059215927124023438e+01
9.616549491882324219e+00
9.549619674682617188e+00
1.043359375000000000e+01
9.580060005187988281e+00
1.033777046203613281e+01
1.046083450317382812e+01
1.041861057281494141e+01
1.066513156890869141e+01
9.601120948791503906e+00
1.054531574249267578e+01
1.098747348785400391e+01
9.716121673583984375e+00
1.038582420349121094e+01
9.589422225952148438e+00
1.040060329437255859e+01
1.060829639434814453e+01
1.021001625061035156e+01
9.497015953063964844e+00
1.037421989440917969e+01
1.001475048065185547e+01
9.522150039672851562e+00
1.050442123413085938e+01
1.019142627716064453e+01
1.042444419860839844e+01
1.031480407714843750e+01
1.099303245544433594e+01
9.643994331359863281e+00
1.077346706390380859e+01
9.497262954711914062e+00
1.079438400268554688e+01
9.653451919555664062e+00
9.451697349548339844e+00
9.637788772583007812e+00
9.524923324584960938e+00
9.494791984558105469e+00
9.514190673828125000e+00
1.073743629455566406e+01
9.525374412536621094e+00
9.451728820800781250e+00
9.510103225708007812e+00
1.008369636535644531e+01
1.050757122039794922e+01
1.074353504180908203e+01
1.044945240020751953e+01
9.642437934875488281e+00
1.037561607360839844e+01
9.635727882385253906e+00
1.055758857727050781e+01
9.554791450500488281e+00
1.031907272338867188e+01
9.777540206909179688e+00
1.014880180358886719e+01
1.027162742614746094e+01
9.555093765258789062e+00
9.797447204589843750e+00
1.060760879516601562e+01
9.945130348205566406e+00
1.055881309509277344e+01
9.657635688781738281e+00
9.604501724243164062e+00
1.000178813934326172e+01
1.020346260070800781e+01
9.888746261596679688e+00
1.050651264190673828e+01
9.487130165100097656e+00
9.754026412963867188e+00
1.047474861145019531e+01
9.627222061157226562e+00
9.749007225036621094e+00
1.082076072692871094e+01
1.002674770355224609e+01
9.967082023620605469e+00
9.533851623535156250e+00
9.703166961669921875e+00
1.019285488128662109e+01
1.065203952789306641e+01
9.366868019104003906e+00
1.065040302276611328e+01
1.086870288848876953e+01
9.336434364318847656e+00
1.039126586914062500e+01
9.827148437500000000e+00
9.975428581237792969e+00
1.072845840454101562e+01
1.072134399414062500e+01
1.072541809082031250e+01
9.678611755371093750e+00
1.083643722534179688e+01
9.491542816162109375e+00
9.671750068664550781e+00
9.548530578613281250e+00
1.027167034149169922e+01
1.067975902557373047e+01
1.006913661956787109e+01
9.523415565490722656e+00
9.616630554199218750e+00
1.094119071960449219e+01
9.591109275817871094e+00
1.067500782012939453e+01
1.045173358917236328e+01
1.019752693176269531e+01
1.080430889129638672e+01
1.074428272247314453e+01
1.030369091033935547e+01
1.017709541320800781e+01
1.007309818267822266e+01
1.007859516143798828e+01
1.022448158264160156e+01
1.028250312805175781e+01
1.081992912292480469e+01
1.051400852203369141e+01
1.027469348907470703e+01
1.023296928405761719e+01
1.027476119995117188e+01
9.588549613952636719e+00
1.019069862365722656e+01
9.781640052795410156e+00
1.052675628662109375e+01
9.428546905517578125e+00
1.073574352264404297e+01
1.058783626556396484e+01
1.082980442047119141e+01
1.043666172027587891e+01
1.051474761962890625e+01
9.720414161682128906e+00
9.753475189208984375e+00
9.640214920043945312e+00
1.065594863891601562e+01
9.651515960693359375e+00
1.056251430511474609e+01
9.736726760864257812e+00
9.498875617980957031e+00
1.032958984375000000e+01
9.735753059387207031e+00
9.511056900024414062e+00
9.714621543884277344e+00
9.701447486877441406e+00
9.433800697326660156e+00
1.059735012054443359e+01
1.027842044830322266e+01
9.459214210510253906e+00
1.066533946990966797e+01
1.006677055358886719e+01
9.740344047546386719e+00
1.001484966278076172e+01
1.021328639984130859e+01
1.067648983001708984e+01
1.042818546295166016e+01
9.440251350402832031e+00
1.076263713836669922e+01
1.064356994628906250e+01
1.046797752380371094e+01
9.795171737670898438e+00
1.031374073028564453e+01
1.017713069915771484e+01
9.950189590454101562e+00
1.063185119628906250e+01
1.051154327392578125e+01
9.993680000305175781e+00
1.013007450103759766e+01
9.841131210327148438e+00
1.075391006469726562e+01
1.038503170013427734e+01
1.017777824401855469e+01
9.394778251647949219e+00
1.054241275787353516e+01
9.686211585998535156e+00
1.030851936340332031e+01
9.997454643249511719e+00
1.061261749267578125e+01
9.573349952697753906e+00
9.935771942138671875e+00
1.048463726043701172e+01
1.088597393035888672e+01
1.065491867065429688e+01
1.114168357849121094e+01
9.993573188781738281e+00
1.075651359558105469e+01
9.695387840270996094e+00
9.263753890991210938e+00
1.022091293334960938e+01
9.901825904846191406e+00
9.809187889099121094e+00
9.432307243347167969e+00
9.980760574340820312e+00
9.524415969848632812e+00
9.548694610595703125e+00
1.051401519775390625e+01
1.072022819519042969e+01
1.111322689056396484e+01
1.093933010101318359e+01
1.015719509124755859e+01
1.067798614501953125e+01
9.499759674072265625e+00
9.838451385498046875e+00
1.109626579284667969e+01
1.015868759155273438e+01
9.997629165649414062e+00
1.008524990081787109e+01
1.036410617828369141e+01
1.036997604370117188e+01
1.056582164764404297e+01
1.027583122253417969e+01
1.005347156524658203e+01
1.054892635345458984e+01
1.024016380310058594e+01
9.757943153381347656e+00
9.442000389099121094e+00
9.654418945312500000e+00
9.949128150939941406e+00
1.052624034881591797e+01
1.003081798553466797e+01
1.006246852874755859e+01
1.038066768646240234e+01
9.452678680419921875e+00
9.860790252685546875e+00
1.019754600524902344e+01
1.036167049407958984e+01
1.019355297088623047e+01
1.051931095123291016e+01
1.058968257904052734e+01
1.065358066558837891e+01
1.028139686584472656e+01
9.784311294555664062e+00
1.015477848052978516e+01
1.073870849609375000e+01
1.002405357360839844e+01
9.618400573730468750e+00
1.051080894470214844e+01
1.076260757446289062e+01
9.418670654296875000e+00
1.034592628479003906e+01
1.074393653869628906e+01
1.064611339569091797e+01
9.488542556762695312e+00
1.001683139801025391e+01
1.033591079711914062e+01
9.983376502990722656e+00
9.424895286560058594e+00
9.509905815124511719e+00
9.930494308471679688e+00
9.556945800781250000e+00
1.026816463470458984e+01
9.798830032348632812e+00
9.964174270629882812e+00
1.086075401306152344e+01
1.090494728088378906e+01
1.074272346496582031e+01
1.103220844268798828e+01
9.515472412109375000e+00
1.055714988708496094e+01
1.086098575592041016e+01
9.568669319152832031e+00
9.566934585571289062e+00
9.545359611511230469e+00
1.043152904510498047e+01
9.744695663452148438e+00
9.773812294006347656e+00
1.077841377258300781e+01
9.685909271240234375e+00
1.005906391143798828e+01
9.336979866027832031e+00
1.016320896148681641e+01
9.705900192260742188e+00
1.046722888946533203e+01
1.084200572967529297e+01
1.063426780700683594e+01
9.734841346740722656e+00
9.453975677490234375e+00
1.080594062805175781e+01
1.047957897186279297e+01
9.537988662719726562e+00
9.389274597167968750e+00
1.098138809204101562e+01
1.017175102233886719e+01
1.061783027648925781e+01
9.704663276672363281e+00
9.476834297180175781e+00
1.015229892730712891e+01
1.062887859344482422e+01
1.052534484863281250e+01
9.959135055541992188e+00
1.068047523498535156e+01
1.051671028137207031e+01
1.074261665344238281e+01
9.586354255676269531e+00
9.715274810791015625e+00
1.039731884002685547e+01
9.621426582336425781e+00
1.062173748016357422e+01
1.109295272827148438e+01
9.949015617370605469e+00
1.055365562438964844e+01
1.001352500915527344e+01
9.380439758300781250e+00
1.129062080383300781e+01
9.533439636230468750e+00
1.022966861724853516e+01
1.023547935485839844e+01
1.106816482543945312e+01
9.697931289672851562e+00
9.634875297546386719e+00
9.667188644409179688e+00
9.685457229614257812e+00
1.012680625915527344e+01
1.087672519683837891e+01
1.054518222808837891e+01
1.069380378723144531e+01
9.932569503784179688e+00
1.035768604278564453e+01
9.544311523437500000e+00
1.034153556823730469e+01
9.960442543029785156e+00
9.821106910705566406e+00
1.033406162261962891e+01
1.057424259185791016e+01
1.031133174896240234e+01
9.905361175537109375e+00
1.060132312774658203e+01
9.526874542236328125e+00
1.054298973083496094e+01
9.433115005493164062e+00
1.019008159637451172e+01
1.079861545562744141e+01
9.865592956542968750e+00
1.074410438537597656e+01
1.079654121398925781e+01
1.066452121734619141e+01
1.037631034851074219e+01
1.101736927032470703e+01
1.067057323455810547e+01
1.035762405395507812e+01
9.555974006652832031e+00
1.015454387664794922e+01
9.672961235046386719e+00
9.438965797424316406e+00
9.544227600097656250e+00
9.717322349548339844e+00
9.591775894165039062e+00
1.011551189422607422e+01
1.041982173919677734e+01
9.650933265686035156e+00
1.024826240539550781e+01
1.059261989593505859e+01
1.037202739715576172e+01
1.068860244750976562e+01
1.061314582824707031e+01
9.905839920043945312e+00
1.065405464172363281e+01
1.026681995391845703e+01
1.039270973205566406e+01
1.046895790100097656e+01
1.054572677612304688e+01
1.121803283691406250e+01
1.021441555023193359e+01
1.035821437835693359e+01
1.078670883178710938e+01
1.019354724884033203e+01
1.084273433685302734e+01
1.053783130645751953e+01
1.074827575683593750e+01
1.011877822875976562e+01
1.072992134094238281e+01
1.030680274963378906e+01
9.664238929748535156e+00
1.053412342071533203e+01
9.505986213684082031e+00
1.045484924316406250e+01
1.026514720916748047e+01
9.516329765319824219e+00
1.080071830749511719e+01
1.073752975463867188e+01
1.065643787384033203e+01
1.060052490234375000e+01
9.459610939025878906e+00
1.076591682434082031e+01
9.660658836364746094e+00
1.017561149597167969e+01
9.560447692871093750e+00
1.082977390289306641e+01
1.050963973999023438e+01
1.043522644042968750e+01
9.598162651062011719e+00
9.610157966613769531e+00
1.057538700103759766e+01
1.067378139495849609e+01
1.105750083923339844e+01
9.462889671325683594e+00
9.620976448059082031e+00
1.062680435180664062e+01
1.037802600860595703e+01
9.403677940368652344e+00
1.046474933624267578e+01
1.011842060089111328e+01
1.076373577117919922e+01
1.035772991180419922e+01
1.006657505035400391e+01
1.090946578979492188e+01
9.789472579956054688e+00
1.041453742980957031e+01
1.014125442504882812e+01
9.356225013732910156e+00
9.667057037353515625e+00
1.013697814941406250e+01
1.053390026092529297e+01
1.091110134124755859e+01
1.034542465209960938e+01
1.068908882141113281e+01
9.593070983886718750e+00
1.053979778289794922e+01
1.069998455047607422e+01
1.075370216369628906e+01
1.074130153656005859e+01
1.077518558502197266e+01
1.062450218200683594e+01
9.609330177307128906e+00
9.485370635986328125e+00
1.008711910247802734e+01
1.031666946411132812e+01
9.730811119079589844e+00
1.047607803344726562e+01
9.655381202697753906e+00
1.051778125762939453e+01
1.080251884460449219e+01
1.032764816284179688e+01
1.077237892150878906e+01
1.044543647766113281e+01
1.142665386199951172e+01
1.072174930572509766e+01
1.084961891174316406e+01
1.015850734710693359e+01
1.088069152832031250e+01
1.040865993499755859e+01
1.007227516174316406e+01
1.097987270355224609e+01
9.845819473266601562e+00
1.005277633666992188e+01
1.019809341430664062e+01
1.106752014160156250e+01
1.025222873687744141e+01
9.913953781127929688e+00
1.046560287475585938e+01
1.078621196746826172e+01
1.045798110961914062e+01
1.092658233642578125e+01
1.065606498718261719e+01
9.516433715820312500e+00
1.053945827484130859e+01
1.064382934570312500e+01
1.035096454620361328e+01
1.024763679504394531e+01
9.576961517333984375e+00
1.119669342041015625e+01
1.004060745239257812e+01
1.047550296783447266e+01
9.898958206176757812e+00
9.896436691284179688e+00
9.675643920898437500e+00
1.068834972381591797e+01
1.069504165649414062e+01
9.438409805297851562e+00
1.036193561553955078e+01
1.036395263671875000e+01
1.036476421356201172e+01
9.925054550170898438e+00
9.864024162292480469e+00
1.015521335601806641e+01
1.092965698242187500e+01
9.349116325378417969e+00
1.049547290802001953e+01
1.022012329101562500e+01
1.029091072082519531e+01
9.923488616943359375e+00
1.006219482421875000e+01
1.077611064910888672e+01
1.014538860321044922e+01
1.099243164062500000e+01
1.066057491302490234e+01
9.934557914733886719e+00
9.608667373657226562e+00
1.037155246734619141e+01
1.074451637268066406e+01
9.527473449707031250e+00
1.058048248291015625e+01
9.533618927001953125e+00
1.072805881500244141e+01
1.056011104583740234e+01
1.022543239593505859e+01
1.059661197662353516e+01
1.067836761474609375e+01
9.955388069152832031e+00
9.555272102355957031e+00
1.091624641418457031e+01
9.767555236816406250e+00
1.046726036071777344e+01
1.046191024780273438e+01
1.070090103149414062e+01
1.089403629302978516e+01
9.897616386413574219e+00
9.572670936584472656e+00
9.826781272888183594e+00
1.067454147338867188e+01
1.064005184173583984e+01
9.916085243225097656e+00
1.038138389587402344e+01
1.079828071594238281e+01
9.682355880737304688e+00
1.061268138885498047e+01
9.842752456665039062e+00
1.089955425262451172e+01
1.071599769592285156e+01
1.046266460418701172e+01
1.087427711486816406e+01
9.721332550048828125e+00
1.007802772521972656e+01
1.071981334686279297e+01
1.041016674041748047e+01
1.041589164733886719e+01
1.084184169769287109e+01
1.086469173431396484e+01
1.067206573486328125e+01
1.058872699737548828e+01
1.028555965423583984e+01
1.045203781127929688e+01
9.561466217041015625e+00
9.788291931152343750e+00
9.604386329650878906e+00
1.042355537414550781e+01
1.005668544769287109e+01
1.048113346099853516e+01
9.759709358215332031e+00
1.021306991577148438e+01
1.093006324768066406e+01
9.861211776733398438e+00
9.706501960754394531e+00
9.933433532714843750e+00
9.420886993408203125e+00
1.042586326599121094e+01
1.037637615203857422e+01
9.811812400817871094e+00
9.596148490905761719e+00
1.100757694244384766e+01
9.722358703613281250e+00
9.993938446044921875e+00
1.092822170257568359e+01
9.587489128112792969e+00
1.082076454162597656e+01
9.526757240295410156e+00
1.064911842346191406e+01
1.058684730529785156e+01
9.604316711425781250e+00
1.015441894531250000e+01
9.712205886840820312e+00
1.074599742889404297e+01
1.077631759643554688e+01
1.047410202026367188e+01
1.053945159912109375e+01
9.675599098205566406e+00
9.716079711914062500e+00
1.056133079528808594e+01
9.895482063293457031e+00
9.459712028503417969e+00
1.001120567321777344e+01
1.009157466888427734e+01
9.582581520080566406e+00
9.601521492004394531e+00
9.503511428833007812e+00
9.526696205139160156e+00
1.023470783233642578e+01
1.101499652862548828e+01
9.770091056823730469e+00
9.631075859069824219e+00
1.046373748779296875e+01
1.098835659027099609e+01
1.065495109558105469e+01
1.054806423187255859e+01
1.015112972259521484e+01
9.827437400817871094e+00
9.715955734252929688e+00
1.044524574279785156e+01
1.055729103088378906e+01
1.101390647888183594e+01
9.222164154052734375e+00
1.090197467803955078e+01
9.573427200317382812e+00
1.081852817535400391e+01
1.119338893890380859e+01
9.137453079223632812e+00
1.040122890472412109e+01
1.008768558502197266e+01
1.087142086029052734e+01
1.107321739196777344e+01
1.045414543151855469e+01
1.004731082916259766e+01
9.450174331665039062e+00
9.823713302612304688e+00
1.050243186950683594e+01
1.081787109375000000e+01
1.046475219726562500e+01
9.373316764831542969e+00
9.845802307128906250e+00
1.077057552337646484e+01
1.034549522399902344e+01
1.001629924774169922e+01
9.655900955200195312e+00
9.862931251525878906e+00
1.041409111022949219e+01
1.070176410675048828e+01
1.067626857757568359e+01
9.799667358398437500e+00
9.482460021972656250e+00
9.754399299621582031e+00
1.059287929534912109e+01
1.095819568634033203e+01
9.612190246582031250e+00
9.580138206481933594e+00
1.073218441009521484e+01
1.093284130096435547e+01
9.504832267761230469e+00
1.084182167053222656e+01
1.015268611907958984e+01
1.057770347595214844e+01
1.095024776458740234e+01
1.010100364685058594e+01
1.045889663696289062e+01
1.059527969360351562e+01
9.584064483642578125e+00
1.076790809631347656e+01
1.045537662506103516e+01
1.024676322937011719e+01
1.089180088043212891e+01
9.561860084533691406e+00
9.966376304626464844e+00
9.969096183776855469e+00
9.476433753967285156e+00
1.070607566833496094e+01
1.006623172760009766e+01
1.067249774932861328e+01
1.041973972320556641e+01
9.414067268371582031e+00
9.616874694824218750e+00
1.010415935516357422e+01
9.917533874511718750e+00
9.517409324645996094e+00
1.058589744567871094e+01
9.538524627685546875e+00
1.025965499877929688e+01
1.056702041625976562e+01
1.021112060546875000e+01
9.505277633666992188e+00
1.029193592071533203e+01
1.060470104217529297e+01
1.090140056610107422e+01
1.060502815246582031e+01
1.053851890563964844e+01
9.691403388977050781e+00
9.606169700622558594e+00
1.020080757141113281e+01
1.068429565429687500e+01
9.842168807983398438e+00
1.093084430694580078e+01
9.468427658081054688e+00
1.002724170684814453e+01
1.005795955657958984e+01
9.905919075012207031e+00
1.062606048583984375e+01
9.406344413757324219e+00
1.070364570617675781e+01
1.095270729064941406e+01
9.459584236145019531e+00
1.087030506134033203e+01
1.030088615417480469e+01
9.659407615661621094e+00
1.077079486846923828e+01
9.479434967041015625e+00
9.658920288085937500e+00
1.059382438659667969e+01
9.912041664123535156e+00
1.002419090270996094e+01
1.085875606536865234e+01
9.925602912902832031e+00
9.487332344055175781e+00
1.057672405242919922e+01
1.022075653076171875e+01
9.412515640258789062e+00
1.006344318389892578e+01
9.545489311218261719e+00
9.578372955322265625e+00
1.036222934722900391e+01
1.046158218383789062e+01
1.040086746215820312e+01
1.047393798828125000e+01
1.070932674407958984e+01
9.480955123901367188e+00
1.077022361755371094e+01
1.044274902343750000e+01
1.032243442535400391e+01
9.997148513793945312e+00
1.076077365875244141e+01
1.027348995208740234e+01
1.057702159881591797e+01
9.619317054748535156e+00
1.002703762054443359e+01
9.444245338439941406e+00
1.067417430877685547e+01
1.058516407012939453e+01
1.021510505676269531e+01
1.005116939544677734e+01
1.020446491241455078e+01
1.036733627319335938e+01
9.977923393249511719e+00
1.018298149108886719e+01
1.022985363006591797e+01
1.074710273742675781e+01
1.071979236602783203e+01
1.032394313812255859e+01
1.004973888397216797e+01
9.454732894897460938e+00
1.020339775085449219e+01
9.744605064392089844e+00
1.027549076080322266e+01
1.029549789428710938e+01
1.010930442810058594e+01
9.330001831054687500e+00
1.070930194854736328e+01
1.069350719451904297e+01
1.084453487396240234e+01
1.040951538085937500e+01
1.070395755767822266e+01
1.083320999145507812e+01
9.548265457153320312e+00
9.971776962280273438e+00
1.034605598449707031e+01
9.653273582458496094e+00
9.625332832336425781e+00
9.948172569274902344e+00
9.594995498657226562e+00
9.985882759094238281e+00
9.618573188781738281e+00
9.522203445434570312e+00
9.943039894104003906e+00
1.010406398773193359e+01
1.056185817718505859e+01
9.672381401062011719e+00
1.041321754455566406e+01
9.594196319580078125e+00
9.904376983642578125e+00
1.033372116088867188e+01
1.020936775207519531e+01
9.378274917602539062e+00
1.034310531616210938e+01
9.525018692016601562e+00
9.589259147644042969e+00
1.056465435028076172e+01
9.461560249328613281e+00
1.062298488616943359e+01
1.017170047760009766e+01
9.757024765014648438e+00
1.042268657684326172e+01
9.720561981201171875e+00
1.030008125305175781e+01
9.804999351501464844e+00
1.025608539581298828e+01
1.031919765472412109e+01
9.701624870300292969e+00
9.507023811340332031e+00
1.045134067535400391e+01
1.024630546569824219e+01
1.088483238220214844e+01
1.062567424774169922e+01
9.770110130310058594e+00
1.006517410278320312e+01
1.100893020629882812e+01
9.392440795898437500e+00
1.058458900451660156e+01
1.057729816436767578e+01
9.681715965270996094e+00
9.611668586730957031e+00
9.583668708801269531e+00
9.864999771118164062e+00
9.901028633117675781e+00
9.733425140380859375e+00
1.073497867584228516e+01
9.475923538208007812e+00
9.541707992553710938e+00
9.584750175476074219e+00
1.058256244659423828e+01
9.754996299743652344e+00
9.681109428405761719e+00
9.591416358947753906e+00
1.022318458557128906e+01
9.382586479187011719e+00
1.017711544036865234e+01
9.470474243164062500e+00
1.012688446044921875e+01
9.931374549865722656e+00
9.837375640869140625e+00
1.018267440795898438e+01
1.014671707153320312e+01
1.096693038940429688e+01
1.139409923553466797e+01
1.075748920440673828e+01
1.049327182769775391e+01
1.012686443328857422e+01
1.107998943328857422e+01
1.034910297393798828e+01
1.083619022369384766e+01
1.065497684478759766e+01
1.038615894317626953e+01
1.025573730468750000e+01
1.070156574249267578e+01
9.883819580078125000e+00
9.604706764221191406e+00
9.447961807250976562e+00
1.024846744537353516e+01
1.044503211975097656e+01
9.806280136108398438e+00
1.062716007232666016e+01
1.064296150207519531e+01
1.090462017059326172e+01
9.696365356445312500e+00
1.047366809844970703e+01
1.077822017669677734e+01
1.060158920288085938e+01
1.066572189331054688e+01
9.733239173889160156e+00
1.079480075836181641e+01
9.821582794189453125e+00
1.006887722015380859e+01
1.079894065856933594e+01
9.720898628234863281e+00
1.078482151031494141e+01
9.721117973327636719e+00
1.077735996246337891e+01
9.849799156188964844e+00
1.080624961853027344e+01
1.126797580718994141e+01
1.068475627899169922e+01
1.028150939941406250e+01
1.000907707214355469e+01
1.020559406280517578e+01
9.639186859130859375e+00
1.031395721435546875e+01
9.559307098388671875e+00
1.006633758544921875e+01
9.294784545898437500e+00
1.085341358184814453e+01
1.091585540771484375e+01
1.091713809967041016e+01
1.063270187377929688e+01
1.060799026489257812e+01
9.740335464477539062e+00
9.986049652099609375e+00
1.003660202026367188e+01
1.064159107208251953e+01
1.006837463378906250e+01
1.024054431915283203e+01
1.059250545501708984e+01
9.468585968017578125e+00
9.851964950561523438e+00
1.067927074432373047e+01
1.080359745025634766e+01
9.586804389953613281e+00
1.070792102813720703e+01
1.083692646026611328e+01
1.052238464355468750e+01
9.635678291320800781e+00
9.408013343811035156e+00
9.994628906250000000e+00
9.793892860412597656e+00
9.797648429870605469e+00
9.496088027954101562e+00
9.904593467712402344e+00
1.067376518249511719e+01
1.059203815460205078e+01
1.082199954986572266e+01
9.434119224548339844e+00
9.911878585815429688e+00
9.464908599853515625e+00
1.055078792572021484e+01
9.502209663391113281e+00
9.570844650268554688e+00
1.039956665039062500e+01
9.742089271545410156e+00
1.023927593231201172e+01
9.673431396484375000e+00
9.449730873107910156e+00
9.826419830322265625e+00
9.908180236816406250e+00
1.077418994903564453e+01
1.084201431274414062e+01
1.067369461059570312e+01
1.087009143829345703e+01
1.017476177215576172e+01
1.037820053100585938e+01
1.029899024963378906e+01
1.024764728546142578e+01
1.022802925109863281e+01
1.081256675720214844e+01
1.003144073486328125e+01
9.544626235961914062e+00
1.078792381286621094e+01
9.583928108215332031e+00
9.644433021545410156e+00
9.517054557800292969e+00
1.088118171691894531e+01
1.014713191986083984e+01
9.726954460144042969e+00
9.433423042297363281e+00
1.065989685058593750e+01
1.070020198822021484e+01
1.001009464263916016e+01
1.080090808868408203e+01
1.047621917724609375e+01
1.089282608032226562e+01
1.051033020019531250e+01
1.021473026275634766e+01
1.020756816864013672e+01
9.668061256408691406e+00
1.083956909179687500e+01
1.043806266784667969e+01
9.723207473754882812e+00
1.064894962310791016e+01
1.066778564453125000e+01
9.797154426574707031e+00
1.023492813110351562e+01
1.054760265350341797e+01
9.802487373352050781e+00
1.034248638153076172e+01
9.781159400939941406e+00
9.788541793823242188e+00
1.099276828765869141e+01
1.048704624176025391e+01
1.053010559082031250e+01
1.001594638824462891e+01
1.062014389038085938e+01
9.783009529113769531e+00
1.027738094329833984e+01
1.041583251953125000e+01
1.042400741577148438e+01
9.434711456298828125e+00
1.047503280639648438e+01
1.065065097808837891e+01
9.796417236328125000e+00
1.000942897796630859e+01
1.007199001312255859e+01
9.528670310974121094e+00
9.744057655334472656e+00
9.907538414001464844e+00
9.462970733642578125e+00
1.081776905059814453e+01
1.026910495758056641e+01
1.032568931579589844e+01
9.721076965332031250e+00
1.046620941162109375e+01
9.644218444824218750e+00
9.922725677490234375e+00
9.441771507263183594e+00
1.078083992004394531e+01
1.052992153167724609e+01
1.037461471557617188e+01
9.682309150695800781e+00
1.008168029785156250e+01
1.043355274200439453e+01
1.081139278411865234e+01
1.010019016265869141e+01
1.011139583587646484e+01
1.009878253936767578e+01
9.660465240478515625e+00
1.023707294464111328e+01
1.008067226409912109e+01
1.021961307525634766e+01
1.067136383056640625e+01
1.135307788848876953e+01
1.089134025573730469e+01
1.068729686737060547e+01
9.646271705627441406e+00
1.070622539520263672e+01
9.485385894775390625e+00
1.032697868347167969e+01
9.619898796081542969e+00
1.055464363098144531e+01
9.838885307312011719e+00
9.979181289672851562e+00
1.087665843963623047e+01
1.016091918945312500e+01
1.095434570312500000e+01
1.042378044128417969e+01
1.025231647491455078e+01
1.067389297485351562e+01
1.059478187561035156e+01
1.072985744476318359e+01
1.009576702117919922e+01
1.015262603759765625e+01
9.513259887695312500e+00
1.033071422576904297e+01
1.062672424316406250e+01
1.052173042297363281e+01
1.038148593902587891e+01
1.019996833801269531e+01
1.091930007934570312e+01
1.054701137542724609e+01
1.024020004272460938e+01
1.050928878784179688e+01
1.052042007446289062e+01
1.010234165191650391e+01
1.046324539184570312e+01
1.033957290649414062e+01
9.564379692077636719e+00
1.083970737457275391e+01
1.056416320800781250e+01
1.034030342102050781e+01
9.704911231994628906e+00
1.089640998840332031e+01
1.033847999572753906e+01
1.034250736236572266e+01
9.717755317687988281e+00
1.043488597869873047e+01
1.062290668487548828e+01
1.051343917846679688e+01
9.426980018615722656e+00
1.048627185821533203e+01
9.450044631958007812e+00
9.412462234497070312e+00
1.050119590759277344e+01
1.017792510986328125e+01
1.023663806915283203e+01
1.043783283233642578e+01
9.444550514221191406e+00
1.072889232635498047e+01
1.080137252807617188e+01
1.077768516540527344e+01
1.027701473236083984e+01
9.428115844726562500e+00
9.697617530822753906e+00
9.471034049987792969e+00
1.075160598754882812e+01
1.056238174438476562e+01
9.842396736145019531e+00
9.919607162475585938e+00
1.060206604003906250e+01
1.028925704956054688e+01
9.571640014648437500e+00
1.075414371490478516e+01
9.923398017883300781e+00
1.056157207489013672e+01
9.728687286376953125e+00
9.589198112487792969e+00
1.059221553802490234e+01
9.522618293762207031e+00
1.087573051452636719e+01
1.137815856933593750e+01
1.042239570617675781e+01
9.335686683654785156e+00
1.075396919250488281e+01
1.064024925231933594e+01
9.459682464599609375e+00
1.049522209167480469e+01
1.033258438110351562e+01
9.410908699035644531e+00
9.958401679992675781e+00
9.555254936218261719e+00
1.013014602661132812e+01
1.063126468658447266e+01
1.047461605072021484e+01
9.529927253723144531e+00
9.558494567871093750e+00
9.728373527526855469e+00
1.062811660766601562e+01
1.108912277221679688e+01
1.037400054931640625e+01
